0.002040816326530612 0.03534797566467096 0.02038775510204081 17.320508075688775 9.979999999999999
0.004081632653061224 0.07069595132934192 0.040734693877551006 17.320508075688775 9.959999999999999
0.0061224489795918356 0.10604392699401288 0.06104081632653059 17.320508075688775 9.94
0.008163265306122448 0.14139190265868384 0.08130612244897957 17.320508075688775 9.92
0.01020408163265306 0.1767398783233548 0.10153061224489794 17.320508075688775 9.9
0.012244897959183671 0.21208785398802577 0.1217142857142857 17.320508075688775 9.88
0.014285714285714284 0.24743582965269673 0.14185714285714285 17.320508075688775 9.860000000000001
0.016326530612244896 0.2827838053173677 0.16195918367346937 17.320508075688775 9.840000000000002
0.01836734693877551 0.31813178098203865 0.18202040816326528 17.320508075688775 9.820000000000002
0.02040816326530612 0.3534797566467096 0.2020408163265306 17.320508075688775 9.800000000000002
0.022448979591836733 0.38882773231138057 0.2220204081632653 17.320508075688775 9.780000000000003
0.024489795918367342 0.42417570797605153 0.24195918367346936 17.320508075688775 9.760000000000003
0.026530612244897955 0.4595236836407225 0.26185714285714284 17.320508075688775 9.740000000000004
0.028571428571428567 0.49487165930539345 0.2817142857142857 17.320508075688775 9.720000000000004
0.03061224489795918 0.5302196349700644 0.3015306122448979 17.320508075688775 9.700000000000005
0.03265306122448979 0.5655676106347354 0.32130612244897955 17.320508075688775 9.680000000000005
0.0346938775510204 0.6009155862994063 0.34104081632653055 17.320508075688775 9.660000000000005
0.03673469387755102 0.6362635619640773 0.36073469387755097 17.320508075688775 9.640000000000006
0.038775510204081626 0.6716115376287483 0.38038775510204076 17.320508075688775 9.620000000000006
0.04081632653061224 0.7069595132934192 0.39999999999999997 17.320508075688775 9.600000000000007
0.04285714285714285 0.7423074889580902 0.41957142857142854 17.320508075688775 9.580000000000007
0.044897959183673466 0.7776554646227611 0.4391020408163265 17.320508075688775 9.560000000000008
0.046938775510204075 0.8130034402874321 0.45859183673469384 17.320508075688775 9.540000000000008
0.048979591836734684 0.8483514159521031 0.47804081632653056 17.320508075688775 9.520000000000008
0.0510204081632653 0.883699391616774 0.4974489795918367 17.320508075688775 9.500000000000009
0.05306122448979591 0.919047367281445 0.5168163265306123 17.320508075688775 9.48000000000001
0.055102040816326525 0.9543953429461159 0.5361428571428571 17.320508075688775 9.46000000000001
0.057142857142857134 0.9897433186107869 0.5554285714285714 17.320508075688775 9.44000000000001
0.05918367346938775 1.025091294275458 0.5746734693877551 17.320508075688775 9.42000000000001
0.06122448979591836 1.060439269940129 0.5938775510204082 17.320508075688775 9.400000000000011
0.06326530612244897 1.0957872456048001 0.6130408163265306 17.320508075688775 9.380000000000011
0.06530612244897958 1.1311352212694712 0.6321632653061224 17.320508075688775 9.360000000000012
0.06734693877551019 1.1664831969341423 0.6512448979591837 17.320508075688775 9.340000000000012
0.0693877551020408 1.2018311725988133 0.6702857142857144 17.320508075688775 9.320000000000013
0.07142857142857142 1.2371791482634844 0.6892857142857144 17.320508075688775 9.300000000000013
0.07346938775510203 1.2725271239281555 0.7082448979591838 17.320508075688775 9.280000000000014
0.07551020408163264 1.3078750995928266 0.7271632653061225 17.320508075688775 9.260000000000014
0.07755102040816325 1.3432230752574976 0.7460408163265307 17.320508075688775 9.240000000000014
0.07959183673469387 1.3785710509221687 0.7648775510204083 17.320508075688775 9.220000000000015
0.08163265306122448 1.4139190265868398 0.7836734693877553 17.320508075688775 9.200000000000015
0.08367346938775509 1.4492670022515108 0.8024285714285716 17.320508075688775 9.180000000000016
0.0857142857142857 1.484614977916182 0.8211428571428573 17.320508075688775 9.160000000000016
0.08775510204081631 1.519962953580853 0.8398163265306124 17.320508075688775 9.140000000000017
0.08979591836734693 1.555310929245524 0.858448979591837 17.320508075688775 9.120000000000017
0.09183673469387754 1.5906589049101951 0.8770408163265309 17.320508075688775 9.100000000000017
0.09387755102040815 1.6260068805748662 0.8955918367346941 17.320508075688775 9.080000000000018
0.09591836734693876 1.6613548562395373 0.9141020408163267 17.320508075688775 9.060000000000018
0.09795918367346937 1.6967028319042083 0.9325714285714288 17.320508075688775 9.040000000000019
0.09999999999999999 1.7320508075688794 0.9510000000000003 17.320508075688775 9.02000000000002
0.1020408163265306 1.7673987832335505 0.9693877551020411 17.320508075688775 9.00000000000002
0.10408163265306121 1.8027467588982216 0.9877346938775513 17.320508075688775 8.98000000000002
0.10612244897959182 1.8380947345628926 1.0060408163265309 17.320508075688775 8.96000000000002
0.10816326530612244 1.8734427102275637 1.0243061224489798 17.320508075688775 8.94000000000002
0.11020408163265305 1.9087906858922348 1.0425306122448983 17.320508075688775 8.920000000000021
0.11224489795918366 1.9441386615569058 1.0607142857142862 17.320508075688775 8.900000000000022
0.11428571428571427 1.979486637221577 1.0788571428571434 17.320508075688775 8.880000000000022
0.11632653061224488 2.014834612886248 1.09695918367347 17.320508075688775 8.860000000000023
0.1183673469387755 2.050182588550919 1.115020408163266 17.320508075688775 8.840000000000023
0.12040816326530611 2.08553056421559 1.1330408163265313 17.320508075688775 8.820000000000023
0.12244897959183672 2.120878539880261 1.151020408163266 17.320508075688775 8.800000000000024
0.12448979591836733 2.1562265155449323 1.16895918367347 17.320508075688775 8.780000000000024
0.12653061224489795 2.1915744912096033 1.1868571428571435 17.320508075688775 8.760000000000025
0.12857142857142856 2.2269224668742744 1.2047142857142863 17.320508075688775 8.740000000000025
0.13061224489795917 2.2622704425389455 1.2225306122448987 17.320508075688775 8.720000000000026
0.13265306122448978 2.2976184182036166 1.2403061224489804 17.320508075688775 8.700000000000026
0.13469387755102039 2.3329663938682876 1.2580408163265315 17.320508075688775 8.680000000000026
0.136734693877551 2.3683143695329587 1.275734693877552 17.320508075688775 8.660000000000027
0.1387755102040816 2.40366234519763 1.2933877551020418 17.320508075688775 8.640000000000027
0.14081632653061224 2.439010320862301 1.311000000000001 17.320508075688775 8.620000000000028
0.14285714285714285 2.474358296526972 1.3285714285714296 17.320508075688775 8.600000000000028
0.14489795918367346 2.509706272191643 1.3461020408163276 17.320508075688775 8.580000000000028
0.14693877551020407 2.545054247856314 1.3635918367346949 17.320508075688775 8.560000000000029
0.14897959183673468 2.580402223520985 1.3810408163265318 17.320508075688775 8.54000000000003
0.15102040816326529 2.615750199185656 1.398448979591838 17.320508075688775 8.52000000000003
0.1530612244897959 2.6510981748503273 1.4158163265306136 17.320508075688775 8.50000000000003
0.1551020408163265 2.6864461505149984 1.4331428571428586 17.320508075688775 8.48000000000003
0.1571428571428571 2.7217941261796694 1.450428571428573 17.320508075688775 8.460000000000031
0.15918367346938775 2.7571421018443405 1.4676734693877567 17.320508075688775 8.440000000000031
0.16122448979591836 2.7924900775090116 1.4848775510204097 17.320508075688775 8.420000000000032
0.16326530612244897 2.8278380531736826 1.5020408163265322 17.320508075688775 8.400000000000032
0.16530612244897958 2.8631860288383537 1.519163265306124 17.320508075688775 8.380000000000033
0.16734693877551018 2.898534004503025 1.5362448979591852 17.320508075688775 8.360000000000033
0.1693877551020408 2.933881980167696 1.553285714285716 17.320508075688775 8.340000000000034
0.1714285714285714 2.969229955832367 1.570285714285716 17.320508075688775 8.320000000000034
0.173469387755102 3.004577931497038 1.5872448979591856 17.320508075688775 8.300000000000034
0.17551020408163262 3.039925907161709 1.6041632653061244 17.320508075688775 8.280000000000035
0.17755102040816326 3.07527388282638 1.6210408163265326 17.320508075688775 8.260000000000035
0.17959183673469387 3.110621858491051 1.6378775510204102 17.320508075688775 8.240000000000036
0.18163265306122447 3.1459698341557223 1.6546734693877572 17.320508075688775 8.220000000000036
0.18367346938775508 3.1813178098203934 1.6714285714285735 17.320508075688775 8.200000000000037
0.1857142857142857 3.2166657854850644 1.6881428571428592 17.320508075688775 8.180000000000037
0.1877551020408163 3.2520137611497355 1.7048163265306144 17.320508075688775 8.160000000000037
0.1897959183673469 3.2873617368144066 1.721448979591839 17.320508075688775 8.140000000000038
0.19183673469387752 3.3227097124790776 1.738040816326533 17.320508075688775 8.120000000000038
0.19387755102040813 3.3580576881437487 1.7545918367346964 17.320508075688775 8.100000000000039
0.19591836734693874 3.39340566380842 1.7711020408163292 17.320508075688775 8.08000000000004
0.19795918367346937 3.428753639473091 1.7875714285714313 17.320508075688775 8.06000000000004
0.19999999999999998 3.464101615137762 1.8040000000000027 17.320508075688775 8.04000000000004
0.2020408163265306 3.499449590802433 1.8203877551020435 17.320508075688775 8.02000000000004
0.2040816326530612 3.534797566467104 1.8367346938775537 17.320508075688775 8.00000000000004
0.2061224489795918 3.570145542131775 1.8530408163265333 17.320508075688775 7.980000000000041
0.20816326530612242 3.6054935177964462 1.8693061224489824 17.320508075688775 7.960000000000042
0.21020408163265303 3.6408414934611173 1.885530612244901 17.320508075688775 7.940000000000042
0.21224489795918364 3.6761894691257884 1.9017142857142888 17.320508075688775 7.920000000000043
0.21428571428571425 3.7115374447904594 1.917857142857146 17.320508075688775 7.900000000000043
0.21632653061224488 3.7468854204551305 1.9339591836734726 17.320508075688775 7.880000000000043
0.2183673469387755 3.7822333961198016 1.9500204081632686 17.320508075688775 7.860000000000044
0.2204081632653061 3.8175813717844727 1.966040816326534 17.320508075688775 7.840000000000044
0.2224489795918367 3.8529293474491437 1.9820204081632686 17.320508075688775 7.820000000000045
0.22448979591836732 3.888277323113815 1.9979591836734727 17.320508075688775 7.800000000000045
0.22653061224489793 3.923625298778486 2.0138571428571463 17.320508075688775 7.7800000000000455
0.22857142857142854 3.958973274443157 2.0297142857142894 17.320508075688775 7.760000000000046
0.23061224489795915 3.994321250107828 2.0455306122449017 17.320508075688775 7.740000000000046
0.23265306122448975 4.029669225772499 2.0613061224489835 17.320508075688775 7.720000000000047
0.2346938775510204 4.065017201437169 2.0770408163265346 17.320508075688775 7.700000000000047
0.236734693877551 4.10036517710184 2.0927346938775555 17.320508075688775 7.680000000000048
0.2387755102040816 4.1357131527665105 2.108387755102046 17.320508075688775 7.660000000000048
0.24081632653061222 4.171061128431181 2.1240000000000054 17.320508075688775 7.6400000000000485
0.24285714285714283 4.206409104095852 2.1395714285714345 17.320508075688775 7.620000000000049
0.24489795918367344 4.241757079760522 2.155102040816333 17.320508075688775 7.600000000000049
0.24693877551020404 4.277105055425193 2.1705918367347006 17.320508075688775 7.58000000000005
0.24897959183673465 4.312453031089864 2.1860408163265377 17.320508075688775 7.56000000000005
0.25102040816326526 4.347801006754534 2.201448979591844 17.320508075688775 7.540000000000051
0.2530612244897959 4.383148982419205 2.21681632653062 17.320508075688775 7.520000000000051
0.2551020408163265 4.4184969580838755 2.232142857142865 17.320508075688775 7.5000000000000515
0.2571428571428571 4.453844933748546 2.2474285714285798 17.320508075688775 7.480000000000052
0.2591836734693877 4.489192909413217 2.2626734693877637 17.320508075688775 7.460000000000052
0.26122448979591834 4.524540885077887 2.277877551020417 17.320508075688775 7.440000000000053
0.26326530612244897 4.559888860742558 2.2930408163265397 17.320508075688775 7.420000000000053
0.26530612244897955 4.595236836407229 2.3081632653061317 17.320508075688775 7.400000000000054
0.2673469387755102 4.630584812071899 2.323244897959193 17.320508075688775 7.380000000000054
0.26938775510204077 4.66593278773657 2.338285714285724 17.320508075688775 7.3600000000000545
0.2714285714285714 4.701280763401241 2.353285714285724 17.320508075688775 7.340000000000055
0.273469387755102 4.736628739065911 2.3682448979591935 17.320508075688775 7.320000000000055
0.2755102040816326 4.771976714730582 2.3831632653061328 17.320508075688775 7.300000000000056
0.2775510204081632 4.8073246903952525 2.3980408163265414 17.320508075688775 7.280000000000056
0.27959183673469384 4.842672666059923 2.4128775510204195 17.320508075688775 7.260000000000057
0.2816326530612245 4.878020641724594 2.427673469387767 17.320508075688775 7.240000000000057
0.28367346938775506 4.913368617389264 2.4424285714285836 17.320508075688775 7.2200000000000575
0.2857142857142857 4.948716593053935 2.4571428571428697 17.320508075688775 7.200000000000058
0.2877551020408163 4.984064568718606 2.471816326530625 17.320508075688775 7.180000000000058
0.2897959183673469 5.019412544383276 2.48644897959185 17.320508075688775 7.160000000000059
0.2918367346938775 5.054760520047947 2.5010408163265443 17.320508075688775 7.140000000000059
0.29387755102040813 5.0901084957126175 2.515591836734708 17.320508075688775 7.12000000000006
0.2959183673469387 5.125456471377288 2.530102040816341 17.320508075688775 7.10000000000006
0.29795918367346935 5.160804447041959 2.544571428571443 17.320508075688775 7.0800000000000605
0.3 5.196152422706629 2.559000000000015 17.320508075688775 7.060000000000061
0.30204081632653057 5.2315003983713 2.573387755102056 17.320508075688775 7.040000000000061
0.3040816326530612 5.266848374035971 2.5877346938775663 17.320508075688775 7.020000000000062
0.3061224489795918 5.302196349700641 2.602040816326546 17.320508075688775 7.000000000000062
0.3081632653061224 5.337544325365312 2.616306122448995 17.320508075688775 6.980000000000063
0.310204081632653 5.3728923010299825 2.6305306122449137 17.320508075688775 6.960000000000063
0.31224489795918364 5.408240276694653 2.644714285714302 17.320508075688775 6.9400000000000635
0.3142857142857142 5.443588252359324 2.6588571428571597 17.320508075688775 6.920000000000064
0.31632653061224486 5.478936228023994 2.6729591836734867 17.320508075688775 6.900000000000064
0.3183673469387755 5.514284203688665 2.687020408163283 17.320508075688775 6.880000000000065
0.3204081632653061 5.549632179353336 2.701040816326549 17.320508075688775 6.860000000000065
0.3224489795918367 5.584980155018006 2.715020408163284 17.320508075688775 6.840000000000066
0.3244897959183673 5.620328130682677 2.7289591836734886 17.320508075688775 6.820000000000066
0.32653061224489793 5.6556761063473475 2.7428571428571624 17.320508075688775 6.800000000000066
0.3285714285714285 5.691024082012018 2.7567142857143057 17.320508075688775 6.780000000000067
0.33061224489795915 5.726372057676689 2.7705306122449183 17.320508075688775 6.760000000000067
0.33265306122448973 5.761720033341359 2.784306122449 17.320508075688775 6.740000000000068
0.33469387755102037 5.79706800900603 2.7980408163265515 17.320508075688775 6.720000000000068
0.336734693877551 5.832415984670701 2.8117346938775722 17.320508075688775 6.700000000000069
0.3387755102040816 5.867763960335371 2.8253877551020623 17.320508075688775 6.680000000000069
0.3408163265306122 5.903111936000042 2.8390000000000217 17.320508075688775 6.660000000000069
0.3428571428571428 5.9384599116647125 2.8525714285714505 17.320508075688775 6.64000000000007
0.34489795918367344 5.973807887329383 2.8661020408163487 17.320508075688775 6.62000000000007
0.346938775510204 6.009155862994054 2.879591836734716 17.320508075688775 6.600000000000071
0.34897959183673466 6.044503838658724 2.893040816326553 17.320508075688775 6.580000000000071
0.35102040816326524 6.079851814323395 2.9064489795918598 17.320508075688775 6.5600000000000716
0.3530612244897959 6.115199789988066 2.919816326530636 17.320508075688775 6.540000000000072
0.3551020408163265 6.150547765652736 2.9331428571428813 17.320508075688775 6.520000000000072
0.3571428571428571 6.185895741317407 2.946428571428596 17.320508075688775 6.500000000000073
0.35918367346938773 6.221243716982078 2.95967346938778 17.320508075688775 6.480000000000073
0.3612244897959183 6.256591692646748 2.9728775510204337 17.320508075688775 6.460000000000074
0.36326530612244895 6.291939668311419 2.9860408163265566 17.320508075688775 6.440000000000074
0.36530612244897953 6.3272876439760894 2.999163265306149 17.320508075688775 6.4200000000000745
0.36734693877551017 6.36263561964076 3.0122448979592105 17.320508075688775 6.400000000000075
0.36938775510204075 6.397983595305431 3.0252857142857414 17.320508075688775 6.380000000000075
0.3714285714285714 6.433331570970101 3.038285714285742 17.320508075688775 6.360000000000076
0.373469387755102 6.468679546634772 3.0512448979592115 17.320508075688775 6.340000000000076
0.3755102040816326 6.504027522299443 3.0641632653061506 17.320508075688775 6.320000000000077
0.37755102040816324 6.539375497964113 3.077040816326559 17.320508075688775 6.300000000000077
0.3795918367346938 6.574723473628784 3.089877551020437 17.320508075688775 6.2800000000000775
0.38163265306122446 6.6100714492934545 3.102673469387784 17.320508075688775 6.260000000000078
0.38367346938775504 6.645419424958125 3.1154285714286005 17.320508075688775 6.240000000000078
0.3857142857142857 6.680767400622796 3.1281428571428864 17.320508075688775 6.220000000000079
0.38775510204081626 6.716115376287466 3.1408163265306417 17.320508075688775 6.200000000000079
0.3897959183673469 6.751463351952137 3.1534489795918668 17.320508075688775 6.18000000000008
0.3918367346938775 6.786811327616808 3.166040816326561 17.320508075688775 6.16000000000008
0.3938775510204081 6.822159303281478 3.178591836734725 17.320508075688775 6.1400000000000805
0.39591836734693875 6.857507278946149 3.191102040816358 17.320508075688775 6.120000000000081
0.39795918367346933 6.8928552546108195 3.2035714285714607 17.320508075688775 6.100000000000081
0.39999999999999997 6.92820323027549 3.2160000000000326 17.320508075688775 6.080000000000082
0.40204081632653055 6.963551205940161 3.228387755102074 17.320508075688775 6.060000000000082
0.4040816326530612 6.998899181604831 3.2407346938775845 17.320508075688775 6.040000000000083
0.40612244897959177 7.034247157269502 3.2530408163265645 17.320508075688775 6.020000000000083
0.4081632653061224 7.069595132934173 3.265306122449014 17.320508075688775 6.0000000000000835
0.410204081632653 7.104943108598843 3.2775306122449326 17.320508075688775 5.980000000000084
0.4122448979591836 7.140291084263514 3.2897142857143207 17.320508075688775 5.960000000000084
0.41428571428571426 7.1756390599281845 3.301857142857178 17.320508075688775 5.940000000000085
0.41632653061224484 7.210987035592855 3.313959183673505 17.320508075688775 5.920000000000085
0.4183673469387755 7.246335011257526 3.326020408163301 17.320508075688775 5.900000000000086
0.42040816326530606 7.281682986922196 3.3380408163265667 17.320508075688775 5.880000000000086
0.4224489795918367 7.317030962586867 3.3500204081633016 17.320508075688775 5.8600000000000865
0.4244897959183673 7.352378938251538 3.361959183673506 17.320508075688775 5.840000000000087
0.4265306122448979 7.387726913916208 3.3738571428571795 17.320508075688775 5.820000000000087
0.4285714285714285 7.423074889580879 3.385714285714323 17.320508075688775 5.800000000000088
0.43061224489795913 7.4584228652455495 3.397530612244936 17.320508075688775 5.780000000000088
0.43265306122448977 7.49377084091022 3.409306122449018 17.320508075688775 5.760000000000089
0.43469387755102035 7.529118816574891 3.4210408163265695 17.320508075688775 5.740000000000089
0.436734693877551 7.564466792239561 3.4327346938775904 17.320508075688775 5.7200000000000895
0.43877551020408156 7.599814767904232 3.4443877551020807 17.320508075688775 5.70000000000009
0.4408163265306122 7.635162743568903 3.4560000000000404 17.320508075688775 5.68000000000009
0.4428571428571428 7.670510719233573 3.4675714285714694 17.320508075688775 5.660000000000091
0.4448979591836734 7.705858694898244 3.4791020408163678 17.320508075688775 5.640000000000091
0.446938775510204 7.741206670562915 3.4905918367347355 17.320508075688775 5.620000000000092
0.44897959183673464 7.776554646227585 3.5020408163265726 17.320508075688775 5.600000000000092
0.4510204081632653 7.811902621892256 3.513448979591879 17.320508075688775 5.580000000000092
0.45306122448979586 7.847250597556926 3.524816326530655 17.320508075688775 5.560000000000093
0.4551020408163265 7.882598573221597 3.5361428571429 17.320508075688775 5.540000000000093
0.4571428571428571 7.917946548886268 3.5474285714286147 17.320508075688775 5.520000000000094
0.4591836734693877 7.953294524550938 3.5586734693877986 17.320508075688775 5.500000000000094
0.4612244897959183 7.988642500215609 3.569877551020452 17.320508075688775 5.480000000000095
0.4632653061224489 8.02399047588028 3.5810408163265746 17.320508075688775 5.460000000000095
0.4653061224489795 8.059338451544951 3.5921632653061666 17.320508075688775 5.440000000000095
0.46734693877551015 8.094686427209622 3.6032448979592284 17.320508075688775 5.420000000000096
0.4693877551020408 8.130034402874292 3.6142857142857596 17.320508075688775 5.400000000000096
0.47142857142857136 8.165382378538963 3.62528571428576 17.320508075688775 5.380000000000097
0.473469387755102 8.200730354203634 3.63624489795923 17.320508075688775 5.360000000000097
0.4755102040816326 8.236078329868304 3.6471632653061694 17.320508075688775 5.340000000000098
0.4775510204081632 8.271426305532975 3.658040816326578 17.320508075688775 5.320000000000098
0.4795918367346938 8.306774281197645 3.668877551020456 17.320508075688775 5.300000000000098
0.48163265306122444 8.342122256862316 3.6796734693878035 17.320508075688775 5.280000000000099
0.483673469387755 8.377470232526987 3.6904285714286202 17.320508075688775 5.260000000000099
0.48571428571428565 8.412818208191657 3.7011428571429064 17.320508075688775 5.2400000000001
0.4877551020408163 8.448166183856328 3.711816326530662 17.320508075688775 5.2200000000001
0.48979591836734687 8.483514159520999 3.7224489795918867 17.320508075688775 5.2000000000001005
0.4918367346938775 8.51886213518567 3.733040816326581 17.320508075688775 5.180000000000101
0.4938775510204081 8.55421011085034 3.7435918367347445 17.320508075688775 5.160000000000101
0.4959183673469387 8.58955808651501 3.7541020408163774 17.320508075688775 5.140000000000102
0.4979591836734693 8.624906062179681 3.7645714285714797 17.320508075688775 5.120000000000102
0.49999999999999994 8.660254037844352 3.7750000000000514 17.320508075688775 5.100000000000103
0.5020408163265305 8.695602013509022 3.7853877551020925 17.320508075688775 5.080000000000103
0.5040816326530612 8.730949989173693 3.795734693877603 17.320508075688775 5.0600000000001035
0.5061224489795918 8.766297964838364 3.806040816326583 17.320508075688775 5.040000000000104
0.5081632653061224 8.801645940503034 3.8163061224490327 17.320508075688775 5.020000000000104
0.510204081632653 8.836993916167705 3.8265306122449516 17.320508075688775 5.000000000000105
0.5122448979591836 8.872341891832376 3.83671428571434 17.320508075688775 4.980000000000105
0.5142857142857142 8.907689867497046 3.8468571428571976 17.320508075688775 4.960000000000106
0.5163265306122449 8.943037843161717 3.8569591836735246 17.320508075688775 4.940000000000106
0.5183673469387754 8.978385818826387 3.867020408163321 17.320508075688775 4.9200000000001065
0.520408163265306 9.013733794491058 3.877040816326587 17.320508075688775 4.900000000000107
0.5224489795918367 9.049081770155729 3.887020408163322 17.320508075688775 4.880000000000107
0.5244897959183673 9.0844297458204 3.8969591836735265 17.320508075688775 4.860000000000108
0.5265306122448979 9.11977772148507 3.9068571428572003 17.320508075688775 4.840000000000108
0.5285714285714285 9.15512569714974 3.9167142857143435 17.320508075688775 4.820000000000109
0.5306122448979591 9.190473672814411 3.926530612244956 17.320508075688775 4.800000000000109
0.5326530612244897 9.225821648479082 3.936306122449038 17.320508075688775 4.7800000000001095
0.5346938775510204 9.261169624143752 3.9460408163265894 17.320508075688775 4.76000000000011
0.5367346938775509 9.296517599808423 3.95573469387761 17.320508075688775 4.74000000000011
0.5387755102040815 9.331865575473094 3.9653877551021 17.320508075688775 4.720000000000111
0.5408163265306122 9.367213551137764 3.9750000000000596 17.320508075688775 4.700000000000111
0.5428571428571428 9.402561526802435 3.9845714285714884 17.320508075688775 4.680000000000112
0.5448979591836735 9.437909502467106 3.994102040816387 17.320508075688775 4.660000000000112
0.546938775510204 9.473257478131776 4.0035918367347545 17.320508075688775 4.6400000000001125
0.5489795918367346 9.508605453796447 4.013040816326591 17.320508075688775 4.620000000000113
0.5510204081632653 9.543953429461117 4.022448979591898 17.320508075688775 4.600000000000113
0.5530612244897959 9.579301405125788 4.031816326530674 17.320508075688775 4.580000000000114
0.5551020408163264 9.614649380790459 4.041142857142919 17.320508075688775 4.560000000000114
0.557142857142857 9.64999735645513 4.050428571428633 17.320508075688775 4.540000000000115
0.5591836734693877 9.6853453321198 4.059673469387818 17.320508075688775 4.520000000000115
0.5612244897959183 9.72069330778447 4.068877551020471 17.320508075688775 4.5000000000001155
0.563265306122449 9.756041283449141 4.0780408163265935 17.320508075688775 4.480000000000116
0.5653061224489795 9.791389259113812 4.087163265306186 17.320508075688775 4.460000000000116
0.5673469387755101 9.826737234778482 4.096244897959248 17.320508075688775 4.440000000000117
0.5693877551020408 9.862085210443153 4.105285714285779 17.320508075688775 4.420000000000117
0.5714285714285714 9.897433186107824 4.11428571428578 17.320508075688775 4.400000000000118
0.5734693877551019 9.932781161772494 4.12324489795925 17.320508075688775 4.380000000000118
0.5755102040816326 9.968129137437165 4.132163265306189 17.320508075688775 4.3600000000001184
0.5775510204081632 10.003477113101836 4.141040816326598 17.320508075688775 4.340000000000119
0.5795918367346938 10.038825088766506 4.1498775510204755 17.320508075688775 4.320000000000119
0.5816326530612245 10.074173064431177 4.158673469387823 17.320508075688775 4.30000000000012
0.583673469387755 10.109521040095848 4.16742857142864 17.320508075688775 4.28000000000012
0.5857142857142856 10.144869015760518 4.176142857142926 17.320508075688775 4.260000000000121
0.5877551020408163 10.180216991425189 4.184816326530681 17.320508075688775 4.240000000000121
0.5897959183673469 10.21556496708986 4.193448979591906 17.320508075688775 4.220000000000121
0.5918367346938774 10.25091294275453 4.2020408163266 17.320508075688775 4.200000000000122
0.5938775510204081 10.2862609184192 4.210591836734764 17.320508075688775 4.180000000000122
0.5959183673469387 10.321608894083871 4.219102040816397 17.320508075688775 4.160000000000123
0.5979591836734693 10.356956869748542 4.227571428571499 17.320508075688775 4.140000000000123
0.6 10.392304845413213 4.236000000000071 17.320508075688775 4.120000000000124
0.6020408163265305 10.427652821077883 4.244387755102112 17.320508075688775 4.100000000000124
0.6040816326530611 10.463000796742554 4.252734693877623 17.320508075688775 4.080000000000124
0.6061224489795918 10.498348772407224 4.261040816326603 17.320508075688775 4.060000000000125
0.6081632653061224 10.533696748071895 4.269306122449053 17.320508075688775 4.040000000000125
0.6102040816326529 10.569044723736566 4.277530612244972 17.320508075688775 4.020000000000126
0.6122448979591836 10.604392699401236 4.28571428571436 17.320508075688775 4.000000000000126
0.6142857142857142 10.639740675065907 4.293857142857218 17.320508075688775 3.980000000000126
0.6163265306122448 10.675088650730578 4.301959183673545 17.320508075688775 3.960000000000126
0.6183673469387755 10.710436626395248 4.310020408163341 17.320508075688775 3.940000000000126
0.620408163265306 10.745784602059919 4.318040816326607 17.320508075688775 3.920000000000126
0.6224489795918366 10.78113257772459 4.326020408163342 17.320508075688775 3.900000000000126
0.6244897959183673 10.81648055338926 4.333959183673547 17.320508075688775 3.880000000000126
0.6265306122448979 10.85182852905393 4.34185714285722 17.320508075688775 3.860000000000126
0.6285714285714284 10.887176504718601 4.349714285714364 17.320508075688775 3.840000000000126
0.6306122448979591 10.922524480383272 4.357530612244976 17.320508075688775 3.820000000000126
0.6326530612244897 10.957872456047943 4.365306122449058 17.320508075688775 3.800000000000126
0.6346938775510204 10.993220431712613 4.3730408163266095 17.320508075688775 3.780000000000126
0.636734693877551 11.028568407377284 4.38073469387763 17.320508075688775 3.760000000000126
0.6387755102040815 11.063916383041954 4.38838775510212 17.320508075688775 3.740000000000126
0.6408163265306122 11.099264358706625 4.39600000000008 17.320508075688775 3.720000000000126
0.6428571428571428 11.134612334371296 4.403571428571509 17.320508075688775 3.700000000000126
0.6448979591836734 11.169960310035966 4.411102040816408 17.320508075688775 3.680000000000126
0.646938775510204 11.205308285700637 4.418591836734776 17.320508075688775 3.660000000000126
0.6489795918367346 11.240656261365308 4.426040816326613 17.320508075688775 3.640000000000126
0.6510204081632652 11.276004237029978 4.43344897959192 17.320508075688775 3.620000000000126
0.6530612244897959 11.311352212694649 4.440816326530696 17.320508075688775 3.6000000000001258
0.6551020408163265 11.34670018835932 4.448142857142941 17.320508075688775 3.5800000000001257
0.657142857142857 11.38204816402399 4.455428571428656 17.320508075688775 3.5600000000001257
0.6591836734693877 11.41739613968866 4.46267346938784 17.320508075688775 3.5400000000001257
0.6612244897959183 11.452744115353331 4.4698775510204936 17.320508075688775 3.5200000000001257
0.6632653061224489 11.488092091018002 4.477040816326617 17.320508075688775 3.5000000000001257
0.6653061224489795 11.523440066682673 4.484163265306209 17.320508075688775 3.4800000000001257
0.6673469387755101 11.558788042347343 4.4912448979592705 17.320508075688775 3.4600000000001256
0.6693877551020407 11.594136018012014 4.498285714285801 17.320508075688775 3.4400000000001256
0.6714285714285714 11.629483993676685 4.505285714285802 17.320508075688775 3.4200000000001256
0.673469387755102 11.664831969341355 4.512244897959271 17.320508075688775 3.4000000000001256
0.6755102040816325 11.700179945006026 4.519163265306211 17.320508075688775 3.3800000000001256
0.6775510204081632 11.735527920670696 4.526040816326619 17.320508075688775 3.3600000000001256
0.6795918367346938 11.770875896335367 4.532877551020497 17.320508075688775 3.3400000000001255
0.6816326530612244 11.806223872000038 4.539673469387845 17.320508075688775 3.3200000000001255
0.683673469387755 11.841571847664708 4.546428571428661 17.320508075688775 3.3000000000001255
0.6857142857142856 11.876919823329379 4.553142857142948 17.320508075688775 3.2800000000001255
0.6877551020408162 11.91226779899405 4.5598163265307035 17.320508075688775 3.2600000000001255
0.6897959183673469 11.94761577465872 4.566448979591929 17.320508075688775 3.2400000000001254
0.6918367346938775 11.98296375032339 4.573040816326623 17.320508075688775 3.2200000000001254
0.693877551020408 12.018311725988061 4.579591836734787 17.320508075688775 3.2000000000001254
0.6959183673469387 12.053659701652732 4.58610204081642 17.320508075688775 3.1800000000001254
0.6979591836734693 12.089007677317403 4.592571428571523 17.320508075688775 3.1600000000001254
0.7 12.124355652982073 4.599000000000094 17.320508075688775 3.1400000000001254
0.7020408163265305 12.159703628646744 4.605387755102136 17.320508075688775 3.1200000000001253
0.7040816326530611 12.195051604311415 4.611734693877646 17.320508075688775 3.1000000000001253
0.7061224489795918 12.230399579976085 4.618040816326626 17.320508075688775 3.0800000000001253
0.7081632653061224 12.265747555640756 4.624306122449076 17.320508075688775 3.0600000000001253
0.710204081632653 12.301095531305426 4.6305306122449945 17.320508075688775 3.0400000000001253
0.7122448979591836 12.336443506970097 4.636714285714382 17.320508075688775 3.0200000000001253
0.7142857142857142 12.371791482634768 4.64285714285724 17.320508075688775 3.0000000000001252
0.7163265306122448 12.407139458299438 4.648959183673567 17.320508075688775 2.980000000000125
0.7183673469387755 12.442487433964109 4.655020408163363 17.320508075688775 2.960000000000125
0.720408163265306 12.47783540962878 4.661040816326629 17.320508075688775 2.940000000000125
0.7224489795918366 12.51318338529345 4.667020408163364 17.320508075688775 2.920000000000125
0.7244897959183673 12.54853136095812 4.672959183673569 17.320508075688775 2.900000000000125
0.7265306122448979 12.583879336622791 4.678857142857243 17.320508075688775 2.880000000000125
0.7285714285714285 12.619227312287462 4.684714285714387 17.320508075688775 2.860000000000125
0.7306122448979591 12.654575287952133 4.6905306122449995 17.320508075688775 2.840000000000125
0.7326530612244897 12.689923263616803 4.696306122449082 17.320508075688775 2.820000000000125
0.7346938775510203 12.725271239281474 4.702040816326633 17.320508075688775 2.800000000000125
0.736734693877551 12.760619214946145 4.707734693877654 17.320508075688775 2.780000000000125
0.7387755102040815 12.795967190610815 4.713387755102144 17.320508075688775 2.760000000000125
0.7408163265306121 12.831315166275486 4.719000000000104 17.320508075688775 2.740000000000125
0.7428571428571428 12.866663141940156 4.724571428571533 17.320508075688775 2.720000000000125
0.7448979591836734 12.902011117604827 4.730102040816432 17.320508075688775 2.700000000000125
0.746938775510204 12.937359093269498 4.735591836734799 17.320508075688775 2.680000000000125
0.7489795918367346 12.972707068934168 4.741040816326636 17.320508075688775 2.660000000000125
0.7510204081632652 13.008055044598839 4.746448979591943 17.320508075688775 2.640000000000125
0.7530612244897958 13.04340302026351 4.751816326530719 17.320508075688775 2.620000000000125
0.7551020408163265 13.07875099592818 4.757142857142964 17.320508075688775 2.600000000000125
0.757142857142857 13.11409897159285 4.7624285714286785 17.320508075688775 2.580000000000125
0.7591836734693876 13.149446947257522 4.767673469387862 17.320508075688775 2.560000000000125
0.7612244897959183 13.184794922922192 4.772877551020516 17.320508075688775 2.540000000000125
0.7632653061224489 13.220142898586863 4.778040816326639 17.320508075688775 2.520000000000125
0.7653061224489796 13.255490874251533 4.783163265306231 17.320508075688775 2.500000000000125
0.7673469387755101 13.290838849916204 4.788244897959293 17.320508075688775 2.4800000000001248
0.7693877551020407 13.326186825580875 4.793285714285824 17.320508075688775 2.4600000000001248
0.7714285714285714 13.361534801245545 4.798285714285825 17.320508075688775 2.4400000000001247
0.773469387755102 13.396882776910216 4.803244897959295 17.320508075688775 2.4200000000001247
0.7755102040816325 13.432230752574887 4.808163265306234 17.320508075688775 2.4000000000001247
0.7775510204081632 13.467578728239557 4.813040816326643 17.320508075688775 2.3800000000001247
0.7795918367346938 13.502926703904228 4.817877551020521 17.320508075688775 2.3600000000001247
0.7816326530612244 13.538274679568898 4.822673469387868 17.320508075688775 2.3400000000001246
0.783673469387755 13.573622655233569 4.827428571428685 17.320508075688775 2.3200000000001246
0.7857142857142856 13.60897063089824 4.832142857142971 17.320508075688775 2.3000000000001246
0.7877551020408162 13.64431860656291 4.836816326530727 17.320508075688775 2.2800000000001246
0.7897959183673469 13.679666582227581 4.841448979591951 17.320508075688775 2.2600000000001246
0.7918367346938775 13.715014557892252 4.846040816326646 17.320508075688775 2.2400000000001246
0.793877551020408 13.750362533556922 4.850591836734809 17.320508075688775 2.2200000000001245
0.7959183673469387 13.785710509221593 4.855102040816442 17.320508075688775 2.2000000000001245
0.7979591836734693 13.821058484886263 4.859571428571544 17.320508075688775 2.1800000000001245
0.7999999999999999 13.856406460550934 4.864000000000116 17.320508075688775 2.1600000000001245
0.8020408163265305 13.891754436215605 4.868387755102158 17.320508075688775 2.1400000000001245
0.8040816326530611 13.927102411880275 4.8727346938776686 17.320508075688775 2.1200000000001245
0.8061224489795917 13.962450387544946 4.877040816326649 17.320508075688775 2.1000000000001244
0.8081632653061224 13.997798363209617 4.881306122449098 17.320508075688775 2.0800000000001244
0.810204081632653 14.033146338874287 4.8855306122450175 17.320508075688775 2.0600000000001244
0.8122448979591835 14.068494314538958 4.889714285714406 17.320508075688775 2.0400000000001244
0.8142857142857142 14.103842290203628 4.8938571428572635 17.320508075688775 2.0200000000001244
0.8163265306122448 14.139190265868299 4.89795918367359 17.320508075688775 2.0000000000001243
0.8183673469387754 14.17453824153297 4.902020408163387 17.320508075688775 1.9800000000001243
0.820408163265306 14.20988621719764 4.9060408163266525 17.320508075688775 1.9600000000001243
0.8224489795918366 14.245234192862311 4.910020408163388 17.320508075688775 1.9400000000001243
0.8244897959183672 14.280582168526982 4.913959183673592 17.320508075688775 1.9200000000001243
0.8265306122448979 14.315930144191652 4.917857142857266 17.320508075688775 1.9000000000001243
0.8285714285714285 14.351278119856323 4.921714285714409 17.320508075688775 1.8800000000001242
0.830612244897959 14.386626095520993 4.925530612245022 17.320508075688775 1.8600000000001242
0.8326530612244897 14.421974071185664 4.929306122449104 17.320508075688775 1.8400000000001242
0.8346938775510203 14.457322046850335 4.933040816326655 17.320508075688775 1.8200000000001242
0.836734693877551 14.492670022515005 4.936734693877676 17.320508075688775 1.8000000000001242
0.8387755102040815 14.528017998179676 4.940387755102166 17.320508075688775 1.7800000000001241
0.8408163265306121 14.563365973844347 4.944000000000126 17.320508075688775 1.7600000000001241
0.8428571428571427 14.598713949509017 4.947571428571555 17.320508075688775 1.7400000000001241
0.8448979591836734 14.634061925173688 4.951102040816454 17.320508075688775 1.720000000000124
0.846938775510204 14.669409900838358 4.954591836734822 17.320508075688775 1.700000000000124
0.8489795918367345 14.70475787650303 4.958040816326659 17.320508075688775 1.680000000000124
0.8510204081632652 14.7401058521677 4.961448979591966 17.320508075688775 1.660000000000124
0.8530612244897958 14.77545382783237 4.964816326530742 17.320508075688775 1.640000000000124
0.8551020408163265 14.810801803497041 4.968142857142987 17.320508075688775 1.620000000000124
0.857142857142857 14.846149779161712 4.971428571428702 17.320508075688775 1.600000000000124
0.8591836734693876 14.881497754826382 4.974673469387886 17.320508075688775 1.580000000000124
0.8612244897959183 14.916845730491053 4.97787755102054 17.320508075688775 1.560000000000124
0.8632653061224489 14.952193706155724 4.981040816326662 17.320508075688775 1.540000000000124
0.8653061224489795 14.987541681820394 4.984163265306255 17.320508075688775 1.520000000000124
0.8673469387755101 15.022889657485065 4.987244897959316 17.320508075688775 1.500000000000124
0.8693877551020407 15.058237633149735 4.990285714285847 17.320508075688775 1.4800000000001239
0.8714285714285713 15.093585608814406 4.9932857142858476 17.320508075688775 1.4600000000001239
0.873469387755102 15.128933584479077 4.9962448979593175 17.320508075688775 1.4400000000001238
0.8755102040816325 15.164281560143747 4.999163265306256 17.320508075688775 1.4200000000001238
0.8775510204081631 15.199629535808418 5.002040816326665 17.320508075688775 1.4000000000001238
0.8795918367346938 15.234977511473089 5.0048775510205425 17.320508075688775 1.3800000000001238
0.8816326530612244 15.27032548713776 5.00767346938789 17.320508075688775 1.3600000000001238
0.883673469387755 15.30567346280243 5.010428571428707 17.320508075688775 1.3400000000001238
0.8857142857142856 15.3410214384671 5.013142857142993 17.320508075688775 1.3200000000001237
0.8877551020408162 15.376369414131771 5.015816326530749 17.320508075688775 1.3000000000001237
0.8897959183673468 15.411717389796442 5.018448979591974 17.320508075688775 1.2800000000001237
0.8918367346938775 15.447065365461112 5.021040816326669 17.320508075688775 1.2600000000001237
0.893877551020408 15.482413341125783 5.023591836734832 17.320508075688775 1.2400000000001237
0.8959183673469386 15.517761316790454 5.026102040816466 17.320508075688775 1.2200000000001237
0.8979591836734693 15.553109292455124 5.028571428571568 17.320508075688775 1.2000000000001236
0.8999999999999999 15.588457268119795 5.03100000000014 17.320508075688775 1.1800000000001236
0.9020408163265305 15.623805243784465 5.033387755102181 17.320508075688775 1.1600000000001236
0.9040816326530611 15.659153219449136 5.035734693877692 17.320508075688775 1.1400000000001236
0.9061224489795917 15.694501195113807 5.038040816326672 17.320508075688775 1.1200000000001236
0.9081632653061223 15.729849170778477 5.040306122449121 17.320508075688775 1.1000000000001235
0.910204081632653 15.765197146443148 5.04253061224504 17.320508075688775 1.0800000000001235
0.9122448979591835 15.800545122107819 5.044714285714428 17.320508075688775 1.0600000000001235
0.9142857142857141 15.83589309777249 5.046857142857285 17.320508075688775 1.0400000000001235
0.9163265306122448 15.87124107343716 5.048959183673612 17.320508075688775 1.0200000000001235
0.9183673469387754 15.90658904910183 5.051020408163408 17.320508075688775 1.0000000000001235
0.9204081632653061 15.941937024766501 5.053040816326674 17.320508075688775 0.9800000000001234
0.9224489795918366 15.977285000431172 5.05502040816341 17.320508075688775 0.9600000000001234
0.9244897959183672 16.012632976095844 5.056959183673614 17.320508075688775 0.9400000000001234
0.9265306122448979 16.047980951760515 5.058857142857288 17.320508075688775 0.9200000000001234
0.9285714285714285 16.083328927425185 5.060714285714432 17.320508075688775 0.9000000000001234
0.930612244897959 16.118676903089856 5.062530612245045 17.320508075688775 0.8800000000001234
0.9326530612244897 16.154024878754527 5.064306122449127 17.320508075688775 0.8600000000001233
0.9346938775510203 16.189372854419197 5.066040816326678 17.320508075688775 0.8400000000001233
0.9367346938775509 16.224720830083868 5.067734693877699 17.320508075688775 0.8200000000001233
0.9387755102040816 16.26006880574854 5.0693877551021895 17.320508075688775 0.8000000000001233
0.9408163265306121 16.29541678141321 5.071000000000149 17.320508075688775 0.7800000000001233
0.9428571428571427 16.33076475707788 5.072571428571578 17.320508075688775 0.7600000000001232
0.9448979591836734 16.36611273274255 5.074102040816476 17.320508075688775 0.7400000000001232
0.946938775510204 16.40146070840722 5.075591836734844 17.320508075688775 0.7200000000001232
0.9489795918367345 16.43680868407189 5.077040816326681 17.320508075688775 0.7000000000001232
0.9510204081632652 16.472156659736562 5.078448979591988 17.320508075688775 0.6800000000001232
0.9530612244897958 16.507504635401233 5.079816326530763 17.320508075688775 0.6600000000001232
0.9551020408163264 16.542852611065904 5.081142857143009 17.320508075688775 0.6400000000001231
0.9571428571428571 16.578200586730574 5.082428571428723 17.320508075688775 0.6200000000001231
0.9591836734693876 16.613548562395245 5.083673469387907 17.320508075688775 0.6000000000001231
0.9612244897959182 16.648896538059915 5.084877551020561 17.320508075688775 0.5800000000001231
0.9632653061224489 16.684244513724586 5.086040816326684 17.320508075688775 0.5600000000001231
0.9653061224489795 16.719592489389257 5.087163265306277 17.320508075688775 0.540000000000123
0.96734693877551 16.754940465053927 5.088244897959338 17.320508075688775 0.520000000000123
0.9693877551020407 16.790288440718598 5.08928571428587 17.320508075688775 0.500000000000123
0.9714285714285713 16.82563641638327 5.09028571428587 17.320508075688775 0.480000000000123
0.973469387755102 16.86098439204794 5.09124489795934 17.320508075688775 0.460000000000123
0.9755102040816326 16.89633236771261 5.092163265306279 17.320508075688775 0.44000000000012296
0.9775510204081631 16.93168034337728 5.093040816326688 17.320508075688775 0.42000000000012294
0.9795918367346937 16.96702831904195 5.093877551020566 17.320508075688775 0.4000000000001229
0.9816326530612244 17.00237629470662 5.094673469387914 17.320508075688775 0.3800000000001229
0.983673469387755 17.037724270371292 5.09542857142873 17.320508075688775 0.3600000000001229
0.9857142857142855 17.073072246035963 5.0961428571430165 17.320508075688775 0.34000000000012287
0.9877551020408162 17.108420221700634 5.096816326530772 17.320508075688775 0.32000000000012285
0.9897959183673468 17.143768197365304 5.097448979591997 17.320508075688775 0.30000000000012284
0.9918367346938775 17.179116173029975 5.098040816326691 17.320508075688775 0.2800000000001228
0.9938775510204081 17.214464148694645 5.098591836734855 17.320508075688775 0.2600000000001228
0.9959183673469386 17.249812124359316 5.099102040816487 17.320508075688775 0.2400000000001228
0.9979591836734693 17.285160100023987 5.09957142857159 17.320508075688775 0.22000000000012282
0.9999999999999999 17.320508075688657 5.100000000000162 17.320508075688775 0.20000000000012283
1.0020408163265304 17.355856051353328 5.100387755102203 17.320508075688775 0.18000000000012284
1.004081632653061 17.391204027018 5.1007346938777145 17.320508075688775 0.16000000000012285
1.0061224489795917 17.42655200268267 5.1010408163266945 17.320508075688775 0.14000000000012286
1.0081632653061223 17.46189997834734 5.101306122449144 17.320508075688775 0.12000000000012286
1.010204081632653 17.49724795401201 5.101530612245063 17.320508075688775 0.10000000000012285
1.0122448979591836 17.53259592967668 5.1017142857144515 17.320508075688775 0.08000000000012285
1.0142857142857142 17.56794390534135 5.101857142857309 17.320508075688775 0.060000000000122844
1.0163265306122449 17.603291881006022 5.101959183673636 17.320508075688775 0.04000000000012284
1.0183673469387753 17.638639856670693 5.102020408163432 17.320508075688775 0.02000000000012284
1.020408163265306 17.673987832335364 5.102040816326698 17.320508075688775 1.2283923878086966e-13
1.0224489795918366 17.709335808000034 5.102020408163433 17.320508075688775 -0.01999999999987716
1.0244897959183672 17.744683783664705 5.101959183673638 17.320508075688775 -0.03999999999987716
1.0265306122448978 17.780031759329376 5.101857142857312 17.320508075688775 -0.059999999999877165
1.0285714285714285 17.815379734994046 5.101714285714455 17.320508075688775 -0.07999999999987717
1.030612244897959 17.850727710658717 5.101530612245067 17.320508075688775 -0.09999999999987717
1.0326530612244897 17.886075686323387 5.10130612244915 17.320508075688775 -0.11999999999987718
1.0346938775510204 17.921423661988058 5.101040816326701 17.320508075688775 -0.13999999999987717
1.0367346938775508 17.95677163765273 5.100734693877722 17.320508075688775 -0.15999999999987716
1.0387755102040814 17.9921196133174 5.100387755102211 17.320508075688775 -0.17999999999987715
1.040816326530612 18.02746758898207 5.100000000000171 17.320508075688775 -0.19999999999987714
1.0428571428571427 18.06281556464674 5.0995714285716005 17.320508075688775 -0.21999999999987713
1.0448979591836733 18.09816354031141 5.099102040816499 17.320508075688775 -0.23999999999987712
1.046938775510204 18.133511515976082 5.098591836734867 17.320508075688775 -0.2599999999998771
1.0489795918367346 18.168859491640752 5.098040816326704 17.320508075688775 -0.2799999999998771
1.0510204081632653 18.204207467305423 5.097448979592011 17.320508075688775 -0.29999999999987714
1.0530612244897959 18.239555442970094 5.096816326530787 17.320508075688775 -0.31999999999987716
1.0551020408163263 18.274903418634764 5.0961428571430325 17.320508075688775 -0.3399999999998772
1.057142857142857 18.310251394299435 5.095428571428747 17.320508075688775 -0.3599999999998772
1.0591836734693876 18.345599369964106 5.094673469387931 17.320508075688775 -0.3799999999998772
1.0612244897959182 18.380947345628776 5.093877551020585 17.320508075688775 -0.39999999999987723
1.0632653061224488 18.416295321293447 5.093040816326708 17.320508075688775 -0.41999999999987725
1.0653061224489795 18.451643296958117 5.0921632653063 17.320508075688775 -0.43999999999987727
1.0673469387755101 18.486991272622788 5.091244897959362 17.320508075688775 -0.4599999999998773
1.0693877551020408 18.52233924828746 5.090285714285892 17.320508075688775 -0.4799999999998773
1.0714285714285714 18.55768722395213 5.089285714285893 17.320508075688775 -0.4999999999998773
1.0734693877551018 18.5930351996168 5.088244897959362 17.320508075688775 -0.5199999999998773
1.0755102040816324 18.62838317528147 5.087163265306302 17.320508075688775 -0.5399999999998774
1.077551020408163 18.66373115094614 5.08604081632671 17.320508075688775 -0.5599999999998774
1.0795918367346937 18.699079126610812 5.084877551020588 17.320508075688775 -0.5799999999998774
1.0816326530612244 18.734427102275482 5.083673469387936 17.320508075688775 -0.5999999999998774
1.083673469387755 18.769775077940153 5.0824285714287525 17.320508075688775 -0.6199999999998774
1.0857142857142856 18.805123053604824 5.081142857143039 17.320508075688775 -0.6399999999998774
1.0877551020408163 18.840471029269494 5.0798163265307945 17.320508075688775 -0.6599999999998775
1.089795918367347 18.875819004934165 5.07844897959202 17.320508075688775 -0.6799999999998775
1.0918367346938773 18.911166980598836 5.077040816326714 17.320508075688775 -0.6999999999998775
1.093877551020408 18.946514956263506 5.075591836734878 17.320508075688775 -0.7199999999998775
1.0959183673469386 18.981862931928177 5.074102040816511 17.320508075688775 -0.7399999999998775
1.0979591836734692 19.017210907592847 5.072571428571614 17.320508075688775 -0.7599999999998776
1.0999999999999999 19.052558883257518 5.071000000000185 17.320508075688775 -0.7799999999998776
1.1020408163265305 19.08790685892219 5.069387755102227 17.320508075688775 -0.7999999999998776
1.1040816326530611 19.12325483458686 5.067734693877737 17.320508075688775 -0.8199999999998776
1.1061224489795918 19.15860281025153 5.066040816326717 17.320508075688775 -0.8399999999998776
1.1081632653061224 19.1939507859162 5.064306122449167 17.320508075688775 -0.8599999999998776
1.1102040816326528 19.22929876158087 5.0625306122450855 17.320508075688775 -0.8799999999998777
1.1122448979591835 19.264646737245542 5.060714285714473 17.320508075688775 -0.8999999999998777
1.114285714285714 19.299994712910213 5.058857142857331 17.320508075688775 -0.9199999999998777
1.1163265306122447 19.335342688574883 5.056959183673658 17.320508075688775 -0.9399999999998777
1.1183673469387754 19.370690664239554 5.055020408163454 17.320508075688775 -0.9599999999998777
1.120408163265306 19.406038639904224 5.05304081632672 17.320508075688775 -0.9799999999998777
1.1224489795918366 19.441386615568895 5.051020408163455 17.320508075688775 -0.9999999999998778
1.1244897959183673 19.476734591233566 5.04895918367366 17.320508075688775 -1.0199999999998777
1.126530612244898 19.512082566898236 5.046857142857334 17.320508075688775 -1.0399999999998777
1.1285714285714283 19.547430542562907 5.044714285714478 17.320508075688775 -1.0599999999998777
1.130612244897959 19.582778518227578 5.04253061224509 17.320508075688775 -1.0799999999998777
1.1326530612244896 19.618126493892248 5.040306122449173 17.320508075688775 -1.0999999999998777
1.1346938775510202 19.65347446955692 5.038040816326724 17.320508075688775 -1.1199999999998778
1.1367346938775509 19.68882244522159 5.035734693877745 17.320508075688775 -1.1399999999998778
1.1387755102040815 19.72417042088626 5.033387755102235 17.320508075688775 -1.1599999999998778
1.1408163265306122 19.75951839655093 5.031000000000195 17.320508075688775 -1.1799999999998778
1.1428571428571428 19.7948663722156 5.028571428571624 17.320508075688775 -1.1999999999998778
1.1448979591836734 19.830214347880272 5.0261020408165225 17.320508075688775 -1.2199999999998778
1.1469387755102038 19.865562323544943 5.02359183673489 17.320508075688775 -1.2399999999998779
1.1489795918367345 19.900910299209613 5.021040816326727 17.320508075688775 -1.2599999999998779
1.1510204081632651 19.936258274874284 5.0184489795920335 17.320508075688775 -1.279999999999878
1.1530612244897958 19.971606250538954 5.0158163265308096 17.320508075688775 -1.299999999999878
1.1551020408163264 20.006954226203625 5.0131428571430545 17.320508075688775 -1.319999999999878
1.157142857142857 20.042302201868296 5.010428571428769 17.320508075688775 -1.339999999999878
1.1591836734693877 20.077650177532966 5.007673469387953 17.320508075688775 -1.359999999999878
1.1612244897959183 20.112998153197637 5.0048775510206065 17.320508075688775 -1.379999999999878
1.163265306122449 20.148346128862308 5.00204081632673 17.320508075688775 -1.399999999999878
1.1653061224489794 20.183694104526978 4.999163265306322 17.320508075688775 -1.419999999999878
1.16734693877551 20.21904208019165 4.996244897959384 17.320508075688775 -1.439999999999878
1.1693877551020406 20.25439005585632 4.993285714285915 17.320508075688775 -1.459999999999878
1.1714285714285713 20.28973803152099 4.990285714285916 17.320508075688775 -1.479999999999878
1.173469387755102 20.32508600718566 4.9872448979593855 17.320508075688775 -1.499999999999878
1.1755102040816325 20.36043398285033 4.984163265306325 17.320508075688775 -1.5199999999998781
1.1775510204081632 20.395781958515002 4.9810408163267335 17.320508075688775 -1.5399999999998781
1.1795918367346938 20.431129934179673 4.977877551020612 17.320508075688775 -1.5599999999998782
1.1816326530612244 20.466477909844343 4.974673469387959 17.320508075688775 -1.5799999999998782
1.1836734693877549 20.501825885509014 4.971428571428776 17.320508075688775 -1.5999999999998782
1.1857142857142855 20.537173861173684 4.968142857143062 17.320508075688775 -1.6199999999998782
1.1877551020408161 20.572521836838355 4.964816326530817 17.320508075688775 -1.6399999999998782
1.1897959183673468 20.607869812503026 4.961448979592042 17.320508075688775 -1.6599999999998782
1.1918367346938774 20.643217788167696 4.958040816326736 17.320508075688775 -1.6799999999998783
1.193877551020408 20.678565763832367 4.9545918367349 17.320508075688775 -1.6999999999998783
1.1959183673469387 20.713913739497038 4.951102040816533 17.320508075688775 -1.7199999999998783
1.1979591836734693 20.74926171516171 4.947571428571635 17.320508075688775 -1.7399999999998783
1.2 20.78460969082638 4.944000000000207 17.320508075688775 -1.7599999999998783
1.2020408163265304 20.81995766649105 4.940387755102249 17.320508075688775 -1.7799999999998783
1.204081632653061 20.85530564215572 4.936734693877759 17.320508075688775 -1.7999999999998784
1.2061224489795916 20.89065361782039 4.93304081632674 17.320508075688775 -1.8199999999998784
1.2081632653061223 20.92600159348506 4.929306122449189 17.320508075688775 -1.8399999999998784
1.210204081632653 20.961349569149732 4.925530612245108 17.320508075688775 -1.8599999999998784
1.2122448979591836 20.996697544814403 4.921714285714496 17.320508075688775 -1.8799999999998784
1.2142857142857142 21.032045520479073 4.917857142857354 17.320508075688775 -1.8999999999998785
1.2163265306122448 21.067393496143744 4.913959183673681 17.320508075688775 -1.9199999999998785
1.2183673469387755 21.102741471808415 4.9100204081634775 17.320508075688775 -1.9399999999998785
1.2204081632653059 21.138089447473085 4.906040816326743 17.320508075688775 -1.9599999999998785
1.2224489795918365 21.173437423137756 4.902020408163478 17.320508075688775 -1.9799999999998785
1.2244897959183672 21.208785398802426 4.897959183673683 17.320508075688775 -1.9999999999998785
1.2265306122448978 21.244133374467097 4.893857142857357 17.320508075688775 -2.0199999999998783
1.2285714285714284 21.279481350131768 4.8897142857145 17.320508075688775 -2.0399999999998784
1.230612244897959 21.31482932579644 4.8855306122451125 17.320508075688775 -2.0599999999998784
1.2326530612244897 21.35017730146111 4.881306122449194 17.320508075688775 -2.0799999999998784
1.2346938775510203 21.38552527712578 4.877040816326746 17.320508075688775 -2.0999999999998784
1.236734693877551 21.42087325279045 4.872734693877766 17.320508075688775 -2.1199999999998784
1.2387755102040814 21.45622122845512 4.8683877551022565 17.320508075688775 -2.1399999999998784
1.240816326530612 21.49156920411979 4.864000000000217 17.320508075688775 -2.1599999999998785
1.2428571428571427 21.526917179784462 4.859571428571646 17.320508075688775 -2.1799999999998785
1.2448979591836733 21.562265155449133 4.855102040816544 17.320508075688775 -2.1999999999998785
1.246938775510204 21.597613131113803 4.850591836734912 17.320508075688775 -2.2199999999998785
1.2489795918367346 21.632961106778474 4.84604081632675 17.320508075688775 -2.2399999999998785
1.2510204081632652 21.668309082443145 4.841448979592056 17.320508075688775 -2.2599999999998786
1.2530612244897958 21.703657058107815 4.836816326530832 17.320508075688775 -2.2799999999998786
1.2551020408163265 21.739005033772486 4.832142857143078 17.320508075688775 -2.2999999999998786
1.257142857142857 21.774353009437156 4.827428571428793 17.320508075688775 -2.3199999999998786
1.2591836734693875 21.809700985101827 4.8226734693879765 17.320508075688775 -2.3399999999998786
1.2612244897959182 21.845048960766498 4.81787755102063 17.320508075688775 -2.3599999999998786
1.2632653061224488 21.88039693643117 4.813040816326753 17.320508075688775 -2.3799999999998787
1.2653061224489794 21.91574491209584 4.808163265306345 17.320508075688775 -2.3999999999998787
1.26734693877551 21.95109288776051 4.803244897959407 17.320508075688775 -2.4199999999998787
1.2693877551020407 21.98644086342518 4.798285714285938 17.320508075688775 -2.4399999999998787
1.2714285714285714 22.02178883908985 4.793285714285938 17.320508075688775 -2.4599999999998787
1.273469387755102 22.05713681475452 4.788244897959408 17.320508075688775 -2.4799999999998787
1.2755102040816324 22.092484790419192 4.783163265306347 17.320508075688775 -2.4999999999998788
1.277551020408163 22.127832766083863 4.778040816326755 17.320508075688775 -2.519999999999879
1.2795918367346937 22.163180741748533 4.772877551020633 17.320508075688775 -2.539999999999879
1.2816326530612243 22.198528717413204 4.76767346938798 17.320508075688775 -2.559999999999879
1.283673469387755 22.233876693077875 4.7624285714287975 17.320508075688775 -2.579999999999879
1.2857142857142856 22.269224668742545 4.757142857143084 17.320508075688775 -2.599999999999879
1.2877551020408162 22.304572644407216 4.7518163265308395 17.320508075688775 -2.619999999999879
1.2897959183673469 22.339920620071887 4.746448979592064 17.320508075688775 -2.639999999999879
1.2918367346938775 22.375268595736557 4.741040816326759 17.320508075688775 -2.659999999999879
1.293877551020408 22.410616571401228 4.735591836734923 17.320508075688775 -2.679999999999879
1.2959183673469385 22.4459645470659 4.730102040816556 17.320508075688775 -2.699999999999879
1.2979591836734692 22.48131252273057 4.724571428571658 17.320508075688775 -2.719999999999879
1.2999999999999998 22.51666049839524 4.71900000000023 17.320508075688775 -2.739999999999879
1.3020408163265305 22.55200847405991 4.713387755102271 17.320508075688775 -2.759999999999879
1.304081632653061 22.58735644972458 4.707734693877782 17.320508075688775 -2.779999999999879
1.3061224489795917 22.62270442538925 4.702040816326762 17.320508075688775 -2.799999999999879
1.3081632653061224 22.658052401053922 4.6963061224492115 17.320508075688775 -2.819999999999879
1.310204081632653 22.693400376718593 4.69053061224513 17.320508075688775 -2.839999999999879
1.3122448979591834 22.728748352383263 4.684714285714518 17.320508075688775 -2.859999999999879
1.314285714285714 22.764096328047934 4.6788571428573755 17.320508075688775 -2.879999999999879
1.3163265306122447 22.799444303712605 4.6729591836737026 17.320508075688775 -2.899999999999879
1.3183673469387753 22.834792279377275 4.6670204081634985 17.320508075688775 -2.919999999999879
1.320408163265306 22.870140255041946 4.661040816326764 17.320508075688775 -2.939999999999879
1.3224489795918366 22.905488230706617 4.6550204081635 17.320508075688775 -2.959999999999879
1.3244897959183672 22.940836206371287 4.648959183673704 17.320508075688775 -2.979999999999879
1.3265306122448979 22.976184182035958 4.642857142857379 17.320508075688775 -2.999999999999879
1.3285714285714285 23.01153215770063 4.636714285714522 17.320508075688775 -3.0199999999998792
1.330612244897959 23.0468801333653 4.630530612245135 17.320508075688775 -3.0399999999998792
1.3326530612244896 23.08222810902997 4.624306122449217 17.320508075688775 -3.0599999999998793
1.3346938775510202 23.11757608469464 4.6180408163267685 17.320508075688775 -3.0799999999998793
1.3367346938775508 23.15292406035931 4.611734693877789 17.320508075688775 -3.0999999999998793
1.3387755102040815 23.18827203602398 4.60538775510228 17.320508075688775 -3.1199999999998793
1.3408163265306121 23.223620011688652 4.599000000000239 17.320508075688775 -3.1399999999998793
1.3428571428571427 23.258967987353323 4.592571428571668 17.320508075688775 -3.1599999999998793
1.3448979591836734 23.294315963017993 4.5861020408165665 17.320508075688775 -3.1799999999998794
1.346938775510204 23.329663938682664 4.579591836734934 17.320508075688775 -3.1999999999998794
1.3489795918367344 23.365011914347335 4.573040816326771 17.320508075688775 -3.2199999999998794
1.351020408163265 23.400359890012005 4.566448979592078 17.320508075688775 -3.2399999999998794
1.3530612244897957 23.435707865676676 4.559816326530854 17.320508075688775 -3.2599999999998794
1.3551020408163263 23.471055841341347 4.553142857143099 17.320508075688775 -3.2799999999998795
1.357142857142857 23.506403817006017 4.546428571428813 17.320508075688775 -3.2999999999998795
1.3591836734693876 23.541751792670688 4.539673469387997 17.320508075688775 -3.3199999999998795
1.3612244897959183 23.57709976833536 4.532877551020651 17.320508075688775 -3.3399999999998795
1.363265306122449 23.61244774400003 4.526040816326774 17.320508075688775 -3.3599999999998795
1.3653061224489795 23.6477957196647 4.519163265306367 17.320508075688775 -3.3799999999998795
1.36734693877551 23.68314369532937 4.5122448979594285 17.320508075688775 -3.3999999999998796
1.3693877551020406 23.71849167099404 4.50528571428596 17.320508075688775 -3.4199999999998796
1.3714285714285712 23.75383964665871 4.49828571428596 17.320508075688775 -3.4399999999998796
1.3734693877551019 23.789187622323382 4.49124489795943 17.320508075688775 -3.4599999999998796
1.3755102040816325 23.824535597988053 4.484163265306369 17.320508075688775 -3.4799999999998796
1.3775510204081631 23.859883573652723 4.477040816326778 17.320508075688775 -3.4999999999998797
1.3795918367346938 23.895231549317394 4.469877551020656 17.320508075688775 -3.5199999999998797
1.3816326530612244 23.930579524982065 4.462673469388004 17.320508075688775 -3.5399999999998797
1.383673469387755 23.965927500646735 4.45542857142882 17.320508075688775 -3.5599999999998797
1.3857142857142855 24.001275476311406 4.4481428571431065 17.320508075688775 -3.5799999999998797
1.387755102040816 24.036623451976077 4.440816326530862 17.320508075688775 -3.5999999999998797
1.3897959183673467 24.071971427640747 4.433448979592087 17.320508075688775 -3.6199999999998798
1.3918367346938774 24.107319403305418 4.426040816326781 17.320508075688775 -3.6399999999998798
1.393877551020408 24.14266737897009 4.418591836734945 17.320508075688775 -3.65999999999988
1.3959183673469386 24.17801535463476 4.411102040816577 17.320508075688775 -3.67999999999988
1.3979591836734693 24.21336333029943 4.40357142857168 17.320508075688775 -3.69999999999988
1.4 24.2487113059641 4.396000000000252 17.320508075688775 -3.71999999999988
1.4020408163265305 24.28405928162877 4.388387755102293 17.320508075688775 -3.73999999999988
1.404081632653061 24.31940725729344 4.3807346938778045 17.320508075688775 -3.75999999999988
1.4061224489795916 24.354755232958112 4.373040816326784 17.320508075688775 -3.77999999999988
1.4081632653061222 24.390103208622783 4.365306122449234 17.320508075688775 -3.79999999999988
1.4102040816326529 24.425451184287454 4.357530612245153 17.320508075688775 -3.81999999999988
1.4122448979591835 24.460799159952124 4.349714285714541 17.320508075688775 -3.83999999999988
1.4142857142857141 24.496147135616795 4.341857142857399 17.320508075688775 -3.85999999999988
1.4163265306122448 24.531495111281465 4.333959183673726 17.320508075688775 -3.87999999999988
1.4183673469387754 24.566843086946136 4.326020408163522 17.320508075688775 -3.89999999999988
1.420408163265306 24.602191062610807 4.318040816326788 17.320508075688775 -3.91999999999988
1.4224489795918365 24.637539038275477 4.310020408163523 17.320508075688775 -3.93999999999988
1.424489795918367 24.672887013940148 4.301959183673728 17.320508075688775 -3.95999999999988
1.4265306122448977 24.70823498960482 4.2938571428574015 17.320508075688775 -3.97999999999988
1.4285714285714284 24.74358296526949 4.285714285714545 17.320508075688775 -3.99999999999988
1.430612244897959 24.77893094093416 4.277530612245157 17.320508075688775 -4.01999999999988
1.4326530612244897 24.81427891659883 4.2693061224492395 17.320508075688775 -4.039999999999879
1.4346938775510203 24.8496268922635 4.2610408163267905 17.320508075688775 -4.059999999999879
1.436734693877551 24.88497486792817 4.2527346938778114 17.320508075688775 -4.079999999999878
1.4387755102040816 24.920322843592842 4.244387755102301 17.320508075688775 -4.099999999999878
1.440816326530612 24.955670819257513 4.236000000000261 17.320508075688775 -4.1199999999998775
1.4428571428571426 24.991018794922184 4.22757142857169 17.320508075688775 -4.139999999999877
1.4448979591836733 25.026366770586854 4.219102040816589 17.320508075688775 -4.159999999999877
1.446938775510204 25.061714746251525 4.210591836734957 17.320508075688775 -4.179999999999876
1.4489795918367345 25.097062721916195 4.202040816326794 17.320508075688775 -4.199999999999876
1.4510204081632652 25.132410697580866 4.193448979592101 17.320508075688775 -4.219999999999875
1.4530612244897958 25.167758673245537 4.184816326530877 17.320508075688775 -4.239999999999875
1.4551020408163264 25.203106648910207 4.176142857143122 17.320508075688775 -4.2599999999998746
1.457142857142857 25.238454624574878 4.167428571428837 17.320508075688775 -4.279999999999874
1.4591836734693875 25.27380260023955 4.158673469388021 17.320508075688775 -4.299999999999874
1.4612244897959181 25.30915057590422 4.1498775510206745 17.320508075688775 -4.319999999999873
1.4632653061224488 25.34449855156889 4.1410408163267975 17.320508075688775 -4.339999999999873
1.4653061224489794 25.37984652723356 4.1321632653063896 17.320508075688775 -4.359999999999872
1.46734693877551 25.41519450289823 4.123244897959451 17.320508075688775 -4.379999999999872
1.4693877551020407 25.4505424785629 4.114285714285982 17.320508075688775 -4.399999999999872
1.4714285714285713 25.485890454227572 4.105285714285983 17.320508075688775 -4.419999999999871
1.473469387755102 25.521238429892243 4.096244897959452 17.320508075688775 -4.439999999999871
1.4755102040816326 25.556586405556914 4.087163265306391 17.320508075688775 -4.45999999999987
1.477551020408163 25.591934381221584 4.0780408163268 17.320508075688775 -4.47999999999987
1.4795918367346936 25.627282356886255 4.068877551020678 17.320508075688775 -4.499999999999869
1.4816326530612243 25.662630332550926 4.059673469388025 17.320508075688775 -4.519999999999869
1.483673469387755 25.697978308215596 4.050428571428842 17.320508075688775 -4.539999999999869
1.4857142857142855 25.733326283880267 4.041142857143129 17.320508075688775 -4.559999999999868
1.4877551020408162 25.768674259544937 4.031816326530884 17.320508075688775 -4.579999999999868
1.4897959183673468 25.804022235209608 4.0224489795921095 17.320508075688775 -4.599999999999867
1.4918367346938775 25.83937021087428 4.013040816326804 17.320508075688775 -4.619999999999867
1.493877551020408 25.87471818653895 4.003591836734968 17.320508075688775 -4.6399999999998665
1.4959183673469385 25.91006616220362 3.9941020408166006 17.320508075688775 -4.659999999999866
1.4979591836734691 25.94541413786829 3.9845714285717033 17.320508075688775 -4.679999999999866
1.4999999999999998 25.98076211353296 3.9750000000002754 17.320508075688775 -4.699999999999865
1.5020408163265304 26.016110089197632 3.965387755102317 17.320508075688775 -4.719999999999865
1.504081632653061 26.051458064862302 3.9557346938778277 17.320508075688775 -4.739999999999864
1.5061224489795917 26.086806040526973 3.946040816326808 17.320508075688775 -4.759999999999864
1.5081632653061223 26.122154016191644 3.9363061224492575 17.320508075688775 -4.7799999999998635
1.510204081632653 26.157501991856314 3.9265306122451764 17.320508075688775 -4.799999999999863
1.5122448979591836 26.192849967520985 3.9167142857145647 17.320508075688775 -4.819999999999863
1.514285714285714 26.228197943185656 3.9068571428574224 17.320508075688775 -4.839999999999862
1.5163265306122446 26.263545918850326 3.8969591836737494 17.320508075688775 -4.859999999999862
1.5183673469387753 26.298893894514997 3.8870204081635458 17.320508075688775 -4.879999999999861
1.520408163265306 26.334241870179667 3.8770408163268115 17.320508075688775 -4.899999999999861
1.5224489795918366 26.369589845844338 3.8670204081635466 17.320508075688775 -4.9199999999998605
1.5244897959183672 26.40493782150901 3.856959183673751 17.320508075688775 -4.93999999999986
1.5265306122448978 26.44028579717368 3.846857142857425 17.320508075688775 -4.95999999999986
1.5285714285714285 26.47563377283835 3.836714285714568 17.320508075688775 -4.979999999999859
1.530612244897959 26.51098174850302 3.8265306122451808 17.320508075688775 -4.999999999999859
1.5326530612244895 26.54632972416769 3.8163061224492627 17.320508075688775 -5.019999999999858
1.5346938775510202 26.581677699832362 3.806040816326814 17.320508075688775 -5.039999999999858
1.5367346938775508 26.617025675497032 3.795734693877835 17.320508075688775 -5.0599999999998575
1.5387755102040814 26.652373651161703 3.7853877551023256 17.320508075688775 -5.079999999999857
1.540816326530612 26.687721626826374 3.7750000000002855 17.320508075688775 -5.099999999999857
1.5428571428571427 26.723069602491044 3.7645714285717147 17.320508075688775 -5.119999999999856
1.5448979591836733 26.758417578155715 3.7541020408166133 17.320508075688775 -5.139999999999856
1.546938775510204 26.793765553820386 3.743591836734981 17.320508075688775 -5.159999999999855
1.5489795918367346 26.829113529485056 3.7330408163268185 17.320508075688775 -5.179999999999855
1.551020408163265 26.864461505149727 3.722448979592125 17.320508075688775 -5.1999999999998545
1.5530612244897957 26.899809480814397 3.711816326530901 17.320508075688775 -5.219999999999854
1.5551020408163263 26.935157456479068 3.7011428571431466 17.320508075688775 -5.239999999999854
1.557142857142857 26.97050543214374 3.6904285714288614 17.320508075688775 -5.259999999999853
1.5591836734693876 27.00585340780841 3.6796734693880455 17.320508075688775 -5.279999999999853
1.5612244897959182 27.04120138347308 3.668877551020699 17.320508075688775 -5.299999999999852
1.5632653061224488 27.07654935913775 3.658040816326822 17.320508075688775 -5.319999999999852
1.5653061224489795 27.11189733480242 3.647163265306414 17.320508075688775 -5.3399999999998515
1.56734693877551 27.147245310467092 3.6362448979594757 17.320508075688775 -5.359999999999851
1.5693877551020405 27.182593286131763 3.6252857142860067 17.320508075688775 -5.379999999999851
1.5714285714285712 27.217941261796433 3.614285714286007 17.320508075688775 -5.39999999999985
1.5734693877551018 27.253289237461104 3.6032448979594767 17.320508075688775 -5.41999999999985
1.5755102040816324 27.288637213125774 3.592163265306416 17.320508075688775 -5.439999999999849
1.577551020408163 27.323985188790445 3.581040816326825 17.320508075688775 -5.459999999999849
1.5795918367346937 27.359333164455116 3.5698775510207033 17.320508075688775 -5.4799999999998485
1.5816326530612244 27.394681140119786 3.558673469388051 17.320508075688775 -5.499999999999848
1.583673469387755 27.430029115784457 3.547428571428868 17.320508075688775 -5.519999999999848
1.5857142857142854 27.465377091449128 3.536142857143154 17.320508075688775 -5.539999999999847
1.587755102040816 27.500725067113798 3.52481632653091 17.320508075688775 -5.559999999999847
1.5897959183673467 27.53607304277847 3.513448979592135 17.320508075688775 -5.579999999999846
1.5918367346938773 27.57142101844314 3.5020408163268293 17.320508075688775 -5.599999999999846
1.593877551020408 27.60676899410781 3.490591836734993 17.320508075688775 -5.619999999999846
1.5959183673469386 27.64211696977248 3.479102040816626 17.320508075688775 -5.639999999999845
1.5979591836734692 27.67746494543715 3.4675714285717287 17.320508075688775 -5.659999999999845
1.5999999999999999 27.712812921101822 3.4560000000003006 17.320508075688775 -5.679999999999844
1.6020408163265305 27.748160896766493 3.444387755102342 17.320508075688775 -5.699999999999844
1.604081632653061 27.783508872431163 3.4327346938778525 17.320508075688775 -5.719999999999843
1.6061224489795916 27.818856848095834 3.4210408163268324 17.320508075688775 -5.739999999999843
1.6081632653061222 27.854204823760504 3.4093061224492818 17.320508075688775 -5.759999999999843
1.6102040816326528 27.889552799425175 3.3975306122452005 17.320508075688775 -5.779999999999842
1.6122448979591835 27.924900775089846 3.3857142857145885 17.320508075688775 -5.799999999999842
1.614285714285714 27.960248750754516 3.3738571428574464 17.320508075688775 -5.819999999999841
1.6163265306122447 27.995596726419187 3.3619591836737737 17.320508075688775 -5.839999999999841
1.6183673469387754 28.030944702083858 3.3500204081635703 17.320508075688775 -5.8599999999998404
1.620408163265306 28.066292677748528 3.3380408163268362 17.320508075688775 -5.87999999999984
1.6224489795918364 28.1016406534132 3.3260204081635716 17.320508075688775 -5.89999999999984
1.624489795918367 28.13698862907787 3.3139591836737763 17.320508075688775 -5.919999999999839
1.6265306122448977 28.17233660474254 3.3018571428574504 17.320508075688775 -5.939999999999839
1.6285714285714283 28.20768458040721 3.289714285714594 17.320508075688775 -5.959999999999838
1.630612244897959 28.24303255607188 3.2775306122452066 17.320508075688775 -5.979999999999838
1.6326530612244896 28.278380531736552 3.2653061224492888 17.320508075688775 -5.9999999999998375
1.6346938775510202 28.313728507401223 3.2530408163268403 17.320508075688775 -6.019999999999837
1.6367346938775509 28.349076483065893 3.240734693877861 17.320508075688775 -6.039999999999837
1.6387755102040815 28.384424458730564 3.2283877551023514 17.320508075688775 -6.059999999999836
1.640816326530612 28.419772434395234 3.216000000000311 17.320508075688775 -6.079999999999836
1.6428571428571426 28.455120410059905 3.20357142857174 17.320508075688775 -6.099999999999835
1.6448979591836732 28.490468385724576 3.1911020408166384 17.320508075688775 -6.119999999999835
1.6469387755102038 28.525816361389246 3.178591836735006 17.320508075688775 -6.1399999999998345
1.6489795918367345 28.561164337053917 3.166040816326843 17.320508075688775 -6.159999999999834
1.6510204081632651 28.596512312718588 3.15344897959215 17.320508075688775 -6.179999999999834
1.6530612244897958 28.63186028838326 3.1408163265309264 17.320508075688775 -6.199999999999833
1.6551020408163264 28.66720826404793 3.128142857143172 17.320508075688775 -6.219999999999833
1.657142857142857 28.7025562397126 3.115428571428887 17.320508075688775 -6.239999999999832
1.6591836734693874 28.73790421537727 3.1026734693880713 17.320508075688775 -6.259999999999832
1.661224489795918 28.77325219104194 3.089877551020725 17.320508075688775 -6.2799999999998315
1.6632653061224487 28.80860016670661 3.077040816326848 17.320508075688775 -6.299999999999831
1.6653061224489794 28.843948142371282 3.0641632653064406 17.320508075688775 -6.319999999999831
1.66734693877551 28.879296118035953 3.0512448979595024 17.320508075688775 -6.33999999999983
1.6693877551020406 28.914644093700623 3.0382857142860336 17.320508075688775 -6.35999999999983
1.6714285714285713 28.949992069365294 3.025285714286034 17.320508075688775 -6.379999999999829
1.673469387755102 28.985340045029965 3.012244897959504 17.320508075688775 -6.399999999999829
1.6755102040816325 29.020688020694635 2.9991632653064433 17.320508075688775 -6.4199999999998285
1.677551020408163 29.056035996359306 2.986040816326852 17.320508075688775 -6.439999999999828
1.6795918367346936 29.091383972023976 2.97287755102073 17.320508075688775 -6.459999999999828
1.6816326530612242 29.126731947688647 2.9596734693880773 17.320508075688775 -6.479999999999827
1.6836734693877549 29.162079923353318 2.946428571428894 17.320508075688775 -6.499999999999827
1.6857142857142855 29.19742789901799 2.93314285714318 17.320508075688775 -6.519999999999826
1.6877551020408161 29.23277587468266 2.9198163265309356 17.320508075688775 -6.539999999999826
1.6897959183673468 29.26812385034733 2.906448979592161 17.320508075688775 -6.5599999999998255
1.6918367346938774 29.303471826012 2.8930408163268555 17.320508075688775 -6.579999999999825
1.693877551020408 29.33881980167667 2.8795918367350195 17.320508075688775 -6.599999999999825
1.6959183673469385 29.37416777734134 2.866102040816653 17.320508075688775 -6.619999999999824
1.697959183673469 29.409515753006012 2.8525714285717556 17.320508075688775 -6.639999999999824
1.6999999999999997 29.444863728670683 2.8390000000003277 17.320508075688775 -6.659999999999823
1.7020408163265304 29.480211704335353 2.825387755102369 17.320508075688775 -6.679999999999823
1.704081632653061 29.515559680000024 2.81173469387788 17.320508075688775 -6.6999999999998225
1.7061224489795916 29.550907655664695 2.79804081632686 17.320508075688775 -6.719999999999822
1.7081632653061223 29.586255631329365 2.7843061224493098 17.320508075688775 -6.739999999999822
1.710204081632653 29.621603606994036 2.7705306122452287 17.320508075688775 -6.759999999999821
1.7122448979591836 29.656951582658706 2.756714285714617 17.320508075688775 -6.779999999999821
1.714285714285714 29.692299558323377 2.7428571428574746 17.320508075688775 -6.79999999999982
1.7163265306122446 29.727647533988048 2.7289591836738016 17.320508075688775 -6.81999999999982
1.7183673469387752 29.76299550965272 2.715020408163598 17.320508075688775 -6.83999999999982
1.7204081632653059 29.79834348531739 2.7010408163268638 17.320508075688775 -6.859999999999819
1.7224489795918365 29.83369146098206 2.687020408163599 17.320508075688775 -6.879999999999819
1.7244897959183672 29.86903943664673 2.6729591836738034 17.320508075688775 -6.899999999999818
1.7265306122448978 29.9043874123114 2.658857142857477 17.320508075688775 -6.919999999999818
1.7285714285714284 29.93973538797607 2.644714285714621 17.320508075688775 -6.939999999999817
1.730612244897959 29.975083363640742 2.630530612245234 17.320508075688775 -6.959999999999817
1.7326530612244895 30.010431339305413 2.6163061224493163 17.320508075688775 -6.979999999999817
1.7346938775510201 30.045779314970083 2.602040816326868 17.320508075688775 -6.999999999999816
1.7367346938775508 30.081127290634754 2.587734693877889 17.320508075688775 -7.019999999999816
1.7387755102040814 30.116475266299425 2.5733877551023796 17.320508075688775 -7.039999999999815
1.740816326530612 30.151823241964095 2.5590000000003394 17.320508075688775 -7.059999999999815
1.7428571428571427 30.187171217628766 2.5445714285717687 17.320508075688775 -7.079999999999814
1.7448979591836733 30.222519193293437 2.5301020408166672 17.320508075688775 -7.099999999999814
1.746938775510204 30.257867168958107 2.515591836735035 17.320508075688775 -7.119999999999814
1.7489795918367346 30.293215144622778 2.5010408163268725 17.320508075688775 -7.139999999999813
1.751020408163265 30.32856312028745 2.486448979592179 17.320508075688775 -7.159999999999813
1.7530612244897956 30.36391109595212 2.471816326530955 17.320508075688775 -7.179999999999812
1.7551020408163263 30.39925907161679 2.4571428571432006 17.320508075688775 -7.199999999999812
1.757142857142857 30.43460704728146 2.4424285714289153 17.320508075688775 -7.2199999999998115
1.7591836734693875 30.46995502294613 2.4276734693880995 17.320508075688775 -7.239999999999811
1.7612244897959182 30.5053029986108 2.412877551020753 17.320508075688775 -7.259999999999811
1.7632653061224488 30.540650974275472 2.398040816326876 17.320508075688775 -7.27999999999981
1.7653061224489794 30.575998949940143 2.383163265306468 17.320508075688775 -7.29999999999981
1.76734693877551 30.611346925604813 2.36824489795953 17.320508075688775 -7.319999999999809
1.7693877551020405 30.646694901269484 2.3532857142860615 17.320508075688775 -7.339999999999809
1.7714285714285711 30.682042876934155 2.3382857142860622 17.320508075688775 -7.3599999999998085
1.7734693877551018 30.717390852598825 2.3232448979595324 17.320508075688775 -7.379999999999808
1.7755102040816324 30.752738828263496 2.308163265306472 17.320508075688775 -7.399999999999808
1.777551020408163 30.788086803928167 2.2930408163268807 17.320508075688775 -7.419999999999807
1.7795918367346937 30.823434779592837 2.277877551020759 17.320508075688775 -7.439999999999807
1.7816326530612243 30.858782755257508 2.2626734693881065 17.320508075688775 -7.459999999999806
1.783673469387755 30.89413073092218 2.2474285714289235 17.320508075688775 -7.479999999999806
1.7857142857142856 30.92947870658685 2.23214285714321 17.320508075688775 -7.4999999999998055
1.787755102040816 30.96482668225152 2.2168163265309655 17.320508075688775 -7.519999999999805
1.7897959183673466 31.00017465791619 2.2014489795921905 17.320508075688775 -7.539999999999805
1.7918367346938773 31.03552263358086 2.186040816326885 17.320508075688775 -7.559999999999804
1.793877551020408 31.07087060924553 2.1705918367350487 17.320508075688775 -7.579999999999804
1.7959183673469385 31.106218584910202 2.155102040816682 17.320508075688775 -7.599999999999803
1.7979591836734692 31.141566560574873 2.1395714285717844 17.320508075688775 -7.619999999999803
1.7999999999999998 31.176914536239543 2.1240000000003563 17.320508075688775 -7.6399999999998025
1.8020408163265305 31.212262511904214 2.1083877551023975 17.320508075688775 -7.659999999999802
1.804081632653061 31.247610487568885 2.092734693877908 17.320508075688775 -7.679999999999802
1.8061224489795915 31.282958463233555 2.0770408163268885 17.320508075688775 -7.699999999999801
1.8081632653061221 31.318306438898226 2.0613061224493383 17.320508075688775 -7.719999999999801
1.8102040816326528 31.353654414562897 2.0455306122452575 17.320508075688775 -7.7399999999998
1.8122448979591834 31.389002390227567 2.029714285714646 17.320508075688775 -7.7599999999998
1.814285714285714 31.424350365892238 2.013857142857504 17.320508075688775 -7.7799999999997995
1.8163265306122447 31.45969834155691 1.9979591836738309 17.320508075688775 -7.799999999999799
1.8183673469387753 31.49504631722158 1.9820204081636272 17.320508075688775 -7.819999999999799
1.820408163265306 31.53039429288625 1.966040816326893 17.320508075688775 -7.839999999999798
1.8224489795918366 31.56574226855092 1.950020408163628 17.320508075688775 -7.859999999999798
1.824489795918367 31.60109024421559 1.9339591836738326 17.320508075688775 -7.879999999999797
1.8265306122448977 31.63643821988026 1.9178571428575064 17.320508075688775 -7.899999999999797
1.8285714285714283 31.671786195544932 1.9017142857146496 17.320508075688775 -7.9199999999997965
1.830612244897959 31.707134171209603 1.8855306122452622 17.320508075688775 -7.939999999999796
1.8326530612244896 31.742482146874273 1.8693061224493441 17.320508075688775 -7.959999999999796
1.8346938775510202 31.777830122538944 1.8530408163268957 17.320508075688775 -7.979999999999795
1.8367346938775508 31.813178098203615 1.8367346938779165 17.320508075688775 -7.999999999999795
1.8387755102040815 31.848526073868285 1.8203877551024068 17.320508075688775 -8.019999999999795
1.8408163265306121 31.883874049532956 1.8040000000003664 17.320508075688775 -8.039999999999795
1.8428571428571425 31.919222025197627 1.7875714285717954 17.320508075688775 -8.059999999999794
1.8448979591836732 31.954570000862297 1.7711020408166938 17.320508075688775 -8.079999999999794
1.8469387755102038 31.989917976526968 1.7545918367350615 17.320508075688775 -8.099999999999794
1.8489795918367344 32.02526595219164 1.7380408163268986 17.320508075688775 -8.119999999999793
1.851020408163265 32.06061392785631 1.721448979592205 17.320508075688775 -8.139999999999793
1.8530612244897957 32.09596190352098 1.704816326530981 17.320508075688775 -8.159999999999792
1.8551020408163263 32.13130987918565 1.6881428571432264 17.320508075688775 -8.179999999999792
1.857142857142857 32.16665785485032 1.6714285714289412 17.320508075688775 -8.199999999999791
1.8591836734693876 32.20200583051499 1.6546734693881253 17.320508075688775 -8.219999999999791
1.861224489795918 32.23735380617966 1.6378775510207788 17.320508075688775 -8.23999999999979
1.8632653061224487 32.27270178184433 1.6210408163269017 17.320508075688775 -8.25999999999979
1.8653061224489793 32.308049757509 1.604163265306494 17.320508075688775 -8.27999999999979
1.86734693877551 32.343397733173674 1.5872448979595555 17.320508075688775 -8.29999999999979
1.8693877551020406 32.378745708838345 1.5702857142860864 17.320508075688775 -8.319999999999789
1.8714285714285712 32.414093684503015 1.5532857142860867 17.320508075688775 -8.339999999999788
1.8734693877551019 32.449441660167686 1.5362448979595567 17.320508075688775 -8.359999999999788
1.8755102040816325 32.48478963583236 1.519163265306496 17.320508075688775 -8.379999999999788
1.8775510204081631 32.52013761149703 1.5020408163269046 17.320508075688775 -8.399999999999787
1.8795918367346935 32.5554855871617 1.4848775510207826 17.320508075688775 -8.419999999999787
1.8816326530612242 32.59083356282637 1.46767346938813 17.320508075688775 -8.439999999999786
1.8836734693877548 32.62618153849104 1.4504285714289467 17.320508075688775 -8.459999999999786
1.8857142857142855 32.66152951415571 1.4331428571432328 17.320508075688775 -8.479999999999785
1.887755102040816 32.69687748982038 1.4158163265309882 17.320508075688775 -8.499999999999785
1.8897959183673467 32.73222546548505 1.398448979592213 17.320508075688775 -8.519999999999785
1.8918367346938774 32.76757344114972 1.3810408163269074 17.320508075688775 -8.539999999999784
1.893877551020408 32.80292141681439 1.3635918367350712 17.320508075688775 -8.559999999999784
1.8959183673469386 32.83826939247906 1.3461020408167044 17.320508075688775 -8.579999999999783
1.897959183673469 32.873617368143734 1.3285714285718069 17.320508075688775 -8.599999999999783
1.8999999999999997 32.908965343808404 1.3110000000003788 17.320508075688775 -8.619999999999783
1.9020408163265303 32.944313319473075 1.29338775510242 17.320508075688775 -8.639999999999782
1.904081632653061 32.979661295137745 1.2757346938779306 17.320508075688775 -8.659999999999782
1.9061224489795916 33.015009270802416 1.2580408163269106 17.320508075688775 -8.679999999999781
1.9081632653061222 33.05035724646709 1.24030612244936 17.320508075688775 -8.69999999999978
1.9102040816326529 33.08570522213176 1.2225306122452786 17.320508075688775 -8.71999999999978
1.9122448979591835 33.12105319779643 1.2047142857146669 17.320508075688775 -8.73999999999978
1.9142857142857141 33.1564011734611 1.1868571428575245 17.320508075688775 -8.75999999999978
1.9163265306122446 33.19174914912577 1.1689591836738515 17.320508075688775 -8.779999999999779
1.9183673469387752 33.22709712479044 1.151020408163648 17.320508075688775 -8.799999999999779
1.9204081632653058 33.26244510045511 1.1330408163269137 17.320508075688775 -8.819999999999778
1.9224489795918365 33.29779307611978 1.1150204081636488 17.320508075688775 -8.839999999999778
1.924489795918367 33.33314105178445 1.0969591836738533 17.320508075688775 -8.859999999999777
1.9265306122448977 33.36848902744912 1.078857142857527 17.320508075688775 -8.879999999999777
1.9285714285714284 33.40383700311379 1.0607142857146703 17.320508075688775 -8.899999999999777
1.930612244897959 33.439184978778464 1.042530612245283 17.320508075688775 -8.919999999999776
1.9326530612244897 33.474532954443134 1.0243061224493653 17.320508075688775 -8.939999999999776
1.93469387755102 33.509880930107805 1.0060408163269168 17.320508075688775 -8.959999999999775
1.9367346938775507 33.545228905772476 0.9877346938779377 17.320508075688775 -8.979999999999775
1.9387755102040813 33.580576881437146 0.9693877551024279 17.320508075688775 -8.999999999999774
1.940816326530612 33.61592485710182 0.9510000000003875 17.320508075688775 -9.019999999999774
1.9428571428571426 33.65127283276649 0.9325714285718165 17.320508075688775 -9.039999999999774
1.9448979591836733 33.68662080843116 0.914102040816715 17.320508075688775 -9.059999999999773
1.946938775510204 33.72196878409583 0.8955918367350828 17.320508075688775 -9.079999999999773
1.9489795918367345 33.7573167597605 0.87704081632692 17.320508075688775 -9.099999999999772
1.9510204081632652 33.79266473542517 0.8584489795922265 17.320508075688775 -9.119999999999772
1.9530612244897956 33.82801271108984 0.8398163265310025 17.320508075688775 -9.139999999999771
1.9551020408163262 33.86336068675451 0.8211428571432479 17.320508075688775 -9.159999999999771
1.9571428571428569 33.89870866241918 0.8024285714289626 17.320508075688775 -9.17999999999977
1.9591836734693875 33.93405663808385 0.7836734693881467 17.320508075688775 -9.19999999999977
1.9612244897959181 33.96940461374852 0.7648775510208002 17.320508075688775 -9.21999999999977
1.9632653061224488 34.004752589413194 0.7460408163269232 17.320508075688775 -9.23999999999977
1.9653061224489794 34.040100565077864 0.7271632653065155 17.320508075688775 -9.259999999999769
1.96734693877551 34.075448540742535 0.7082448979595772 17.320508075688775 -9.279999999999768
1.9693877551020407 34.110796516407206 0.6892857142861083 17.320508075688775 -9.299999999999768
1.971428571428571 34.146144492071876 0.6702857142861087 17.320508075688775 -9.319999999999768
1.9734693877551017 34.18149246773655 0.6512448979595786 17.320508075688775 -9.339999999999767
1.9755102040816324 34.21684044340122 0.6321632653065179 17.320508075688775 -9.359999999999767
1.977551020408163 34.25218841906589 0.6130408163269265 17.320508075688775 -9.379999999999766
1.9795918367346936 34.28753639473056 0.5938775510208045 17.320508075688775 -9.399999999999766
1.9816326530612243 34.32288437039523 0.5746734693881519 17.320508075688775 -9.419999999999765
1.983673469387755 34.3582323460599 0.5554285714289687 17.320508075688775 -9.439999999999765
1.9857142857142855 34.39358032172457 0.5361428571432549 17.320508075688775 -9.459999999999765
1.9877551020408162 34.42892829738924 0.5168163265310105 17.320508075688775 -9.479999999999764
1.9897959183673466 34.46427627305391 0.49744897959223544 17.320508075688775 -9.499999999999764
1.9918367346938772 34.49962424871858 0.4780408163269298 17.320508075688775 -9.519999999999763
1.9938775510204079 34.53497222438325 0.4585918367350935 17.320508075688775 -9.539999999999763
1.9959183673469385 34.570320200047924 0.43910204081672666 17.320508075688775 -9.559999999999762
1.9979591836734691 34.605668175712594 0.41957142857182916 17.320508075688775 -9.579999999999762
1.9999999999999998 34.641016151377265 0.4000000000004011 17.320508075688775 -9.599999999999762
2.0020408163265304 34.676364127041936 0.3803877551024424 17.320508075688775 -9.619999999999761
2.004081632653061 34.711712102706606 0.36073469387795304 17.320508075688775 -9.63999999999976
2.0061224489795917 34.74706007837128 0.3410408163269331 17.320508075688775 -9.65999999999976
2.008163265306122 34.78240805403595 0.32130612244938256 17.320508075688775 -9.67999999999976
2.010204081632653 34.81775602970062 0.3015306122453014 17.320508075688775 -9.69999999999976
2.0122448979591834 34.85310400536529 0.28171428571468965 17.320508075688775 -9.719999999999759
2.0142857142857142 34.88845198102996 0.2618571428575473 17.320508075688775 -9.739999999999759
2.0163265306122446 34.92379995669463 0.2419591836738743 17.320508075688775 -9.759999999999758
2.018367346938775 34.9591479323593 0.22202040816367072 17.320508075688775 -9.779999999999758
2.020408163265306 34.99449590802397 0.20204081632693652 17.320508075688775 -9.799999999999757
2.0224489795918363 35.02984388368864 0.1820204081636717 17.320508075688775 -9.819999999999757
2.024489795918367 35.06519185935331 0.16195918367387627 17.320508075688775 -9.839999999999756
2.0265306122448976 35.10053983501798 0.14185714285755022 17.320508075688775 -9.859999999999756
2.0285714285714285 35.135887810682654 0.12171428571469357 17.320508075688775 -9.879999999999756
2.030612244897959 35.171235786347324 0.10153061224530632 17.320508075688775 -9.899999999999755
2.0326530612244897 35.206583762011995 0.08130612244938847 17.320508075688775 -9.919999999999755
2.03469387755102 35.241931737676666 0.06104081632693999 17.320508075688775 -9.939999999999754
2.0367346938775506 35.277279713341336 0.0407346938779609 17.320508075688775 -9.959999999999754
2.0387755102040814 35.31262768900601 0.0203877551024512 17.320508075688775 -9.979999999999754
2.040816326530612 35.34797566467068 4.1089101386745583e-13 17.320508075688775 -9.999999999999753
